beta cauchy
0.635757949106966 0.956690736478778
0.315054420170858 -5.96960381022151
0.570296013653597 0.201577547332885
0.736001701408982 -1.28120747935601
0.493887401188298 -0.141951881816708
0.865801339650582 -0.781971462356772
0.457923631814218 -5.3456923964854
0.0283846666878678 -2.71644989222004
0.587215115410759 10.702293550786
0.519291079970955 61.3565061063411
0.634443478321541 -0.39783263228013
0.458622365023659 1.30266383307957
0.32920283928223 -19.7399048859464
0.367944448306237 6.79012058926498
0.305505829420541 10.6562784498956
0.389273062650473 -2.49911250929717
0.650358106023895 0.535112860042233
0.518972365999334 0.648606013788543
0.266818204340645 -3.49975172996689
0.644777853873862 2.77123149930263
0.411461183942908 -1.88727812418473
0.511498144787971 4.58668550687645
0.387614720893838 -13.0807112794541
0.205172683027467 1.75712380112852
0.39749015256633 0.0365154314247916
0.142447098029299 1.52419030346246
0.605731876727236 43.7777661662064
0.556927334096049 1.86713991116082
0.582159288890215 33.6265613035084
0.284747214973687 -2.93641464911961
0.781838368547576 -0.16908177301556
0.592340572038952 4.57127500737455
0.433435429930698 2.37658272628782
0.689014898139876 -19.3231345589336
0.709537931229748 3.32318941553104
0.906215288317586 -2.00790634718972
0.559295902566151 89.8617359693273
0.709093560938164 2.81494020306814
0.338388945544358 -0.256562072962323
0.875744636408711 -10.024194730443
0.492567338635007 5.89545403764871
0.495851563945565 -0.499010741877169
0.263710658445694 -1.11249814587211
0.721465993704017 -0.470102920732808
0.491999321506434 0.556319506836716
0.839775534084998 -1.39595799067175
0.697292435063833 -9.57322516449838
0.726927792818923 5.77415598480758
0.371895337187552 1.72888630002921
0.239190386283271 -12.8620078195573
0.506027279232971 -20.7618959416631
0.529793951059663 0.595506550547414
0.63194394540132 -1.4885260358065
0.723699848680818 -3.88852500346412
0.56499526820001 -0.33750862385387
0.709026052490337 -2.61953667925188
0.605520778153158 0.176570937308851
0.699649997395963 -16.6835822837109
0.665857492103785 21.941210696323
0.524152097403472 1.44333598532232
0.593634075187112 -0.76462301610095
0.68095567958438 4.82139942148769
0.485507246797844 -2.11477284207652
0.421294455254374 0.420620297740317
0.38987602653765 -1.29321537985239
0.536731635156041 -0.164215105022622
0.444974343097718 0.189956884047966
0.785387056067333 3.42836783200643
0.207761469626572 6.04247219961661
0.825381276370929 36.6277736753536
0.215842909650458 -23.6161352762266
0.373865336682265 -1.40427677261585
0.468347133252781 -7.68567111243333
0.358026524253209 0.239855757306577
0.332584862434661 2.44278316918261
0.47825243474017 -0.0771178818864861
0.447020517717832 -22.2642829752808
0.602632119100755 -4.62342755370922
0.71458649913813 0.250928483096077
0.339047335504409 -6.71399131130807
0.710728599121599 5.10029516208116
0.861792784416531 -15.888844455019
0.445419852970211 -2.52868243138023
0.802890844693254 1.71605009370894
0.724559729228577 -0.874496067468959
0.324485577918171 1.08354316889825
0.719285987635246 -1.55767397335541
0.79447936644626 -4.52210140598193
0.61401860440093 0.0434874964300054
0.104437650814084 -2.22208599495118
0.295480194465238 2.42141085789858
0.528770523144212 17.4656898724692
0.136048405461927 -5.64980684542157
0.527301964515952 7.75665316240702
0.559755672664485 7.41766818682772
0.966652416626529 1.99626872897574
0.532172644905 0.276372436790961
0.485503358472124 0.21265046038597
0.500592574497178 0.576000432123157
0.742658186918249 -1.57573886107342
0.355670561709782 -1.81765169270393
0.356267901878731 2.63501562877673
0.507542082715714 -3.16381385306105
0.683426724704252 -1.11197437592653
0.241975939682318 597.676727785923
0.585670540785392 0.0030101039756257
0.500293236839337 -2.40859534991111
0.383919691766485 -4.27704168894347
0.379526722632557 0.061188348799064
0.54538957278677 -4.09664240527677
0.769711003089664 -8.49077518104367
0.292034314939944 -175.164441466526
0.518679521211225 -7.98792943500447
0.617266813996316 1.58049829754386
0.608402935913217 2.40154706669837
0.493508006167166 -1.20399392005442
0.339817445031761 0.148272029787336
0.5818152005369 8.15104892883321
0.452386764257532 -11.8724324280133
0.433772159496898 -2.95676546101629
0.51586023725157 -2.49975576705683
0.547598684728264 3.06382358789744
0.467821609082829 2.74710574793573
0.485153028083066 17.3513513734357
0.54921323609621 7.67934233465184
0.738911351423899 4.67191642814988
0.960657330112931 0.794146986337272
0.384836933283513 -1.29660644837489
0.886572066374233 22.4168436527905
0.261341040211925 -0.0699672182463202
0.0827328148985135 -2.95532705667553
0.942387831434342 1.76122771292274
0.800396664572821 2.97345475384765
0.705839242910651 2.35331219668451
0.341528238326388 -3.33450554896597
0.369169467819238 1.08581309953119
0.0753994913930024 -7.76789215418721
0.628138845075779 1.11314382546507
0.522715919723686 173.412354725111
0.584265219384213 -1.58243153240851
0.549958625348241 -1.24163178700747
0.749910852662091 0.253203186991388
0.282239383803929 5.52876764200754
0.557553999281411 -1.22689364321448
0.597904286560061 1.38701632859077
0.50623043109097 4.71190127576571
0.650356692901511 -2.09312929273527
0.565934748208993 -0.900099121491127
0.577520528056634 22.4258580538128
0.423999778806431 -4.98059786126386
0.557079444557981 -0.201885113321106
0.578126098297275 -2.07400719179582
0.242572882904547 0.800468040673319
0.69714116023994 -0.0688361281453099
0.861786533908681 -6.80625063986079
0.654062532002753 -1.46620499282
0.465064884076615 -8.0862888988381
0.778874264797304 -1.41703034978843
0.586763198475936 -3.70304335831324
0.74139876840518 -15.4103465213743
0.507959139186009 -5.19222098697489
0.602179496063873 4.72740343231845
0.323807155610142 12.191400754164
0.460435574174934 -0.931622799514615
0.297166907825338 0.451726987949754
0.32186521047821 1.23787299838004
0.875989880183882 -1.23085333940946
0.309644734427508 1.3079111032204
0.636273720541124 -2.07732752462221
0.501360119817554 -5.32935138923412
0.5663739965806 19.038217815475
0.705214901274669 27.1543708174118
0.637859737117196 3.42454303708615
0.580619858815032 -0.325105919746968
0.729407313101401 2.36755533311418
0.293755707010632 7.67588161737571
0.341954607828289 0.915128841776096
0.818272727360269 0.686050736782413
0.235706564570505 -1.63432088603639
0.469421686642453 0.203478623319414
0.697409922827693 1.87314896681718
0.570185955650172 1.32405485116622
0.614159559530616 -4.44129846336713
0.507955987183648 2.1940666620357
0.477192241203956 -0.414792890749006
0.631150001680806 -4.5373143802315
0.232787348702303 3.32070181330953
0.607990292972941 0.12005803488204
0.477217789865118 -1.08747828689054
0.616746297219199 -0.238886946416649
0.488008731361919 -0.172008599681151
0.603444935677952 -4.00535280188897
0.458695350925187 -1.95248061997477
0.54817416880333 0.419003641477009
0.559254022590725 0.161067561770947
0.84514960462233 -3.94981372417651
0.606289111181106 -1.7870073005332
0.607264353049603 -3.18649310619584
0.423228261782839 -1.9334693127747
0.440988563477321 0.844101979685286
0.531540759334651 0.625143166278325
0.825262256085635 -2.8890271603512
0.611811742264019 2.07322648501978
0.658762440944215 3.93419035131734
0.770893972948528 -0.244950004805343
0.611358525539252 3.65174528733732
0.527955814876807 7.32631663833676
0.66144738592062 -1.57816213439724
0.641128715155226 4.91658062433798
0.465227920348918 -1.20951950766377
0.279767901709246 -13.990790249812
0.478952883354032 0.637632248151955
0.524305250936224 17.8421783855339
0.316632307190347 2.21617423466624
0.0799377659288963 -0.207657151809404
0.551226017959459 1.29702998207923
0.49678089841126 0.560401791559423
0.768331294604513 -2.53408454381615
0.476427842306412 -5.48810803783165
0.713438204345307 0.792010292487714
0.868075850607624 0.69741141460247
0.501322888624829 1.05387025046695
0.652282733754517 -3.40782120582534
0.578110139467019 5.08527516296513
0.0318011365044228 3.31767800159209
0.350410777676657 1.89913649242866
0.728499384671691 1.16655902638267
0.790493975649445 2.233638905437
0.532231814617241 1.13856959203476
0.306351943120357 0.652889785949498
0.62512313995603 -8.65954547451783
0.294282577719236 1.34175224190001
0.642058385051699 -4.0446129803933
0.415956365375569 2.66286688687368
0.530615504690811 1.51893899584503
0.410451673499466 -0.938270656702052
0.665625484730126 -3.08376979437665
0.287859837463975 0.0580069103818657
0.715470459562912 2.72192925617326
0.348626899071034 -1.38799197877644
0.436643180934027 -5.23117794806558
0.818657104273885 6.46757209772801
0.774670067884249 0.937154310931958
0.512350936206418 -2.03348520612681
0.744550251553799 -0.0346678976761359
0.409459938912557 -1.10700716236426
0.487448091815761 2.00380288165761
0.692098805286382 1.24598431474577
0.264719922990124 1.31771151659
0.191614586604951 -1.03371156003121
0.58919341401453 8.12360775009896
0.582875546609728 -4.05349883606894
0.585583951420349 -0.554519657644827
0.765907144382915 -0.221510191305176
0.507892928825193 216.673418564767
0.393352223701908 1.69300824177318
0.357977468398967 -1.67357141204939
0.876088876170388 -0.823740822057558
0.636049573558827 -0.164780615739327
0.310120271466657 42.242057406404
0.524421354720632 6.28862285885766
0.621005162061727 48.4953522143228
0.202772179802862 -0.855621253937212
0.255082126315746 -3.324522512907
0.529942985725005 6.40966990757585
0.575400329096058 1.77865942425779
0.600087971183538 -5.98370296746115
0.768188923304443 -2.9194285893338
0.699004818724548 -0.626037343290824
0.56360127577645 1.03796628005118
0.420780558020931 1.51426582974469
0.72185234348183 -9.75381542047366
0.146257280083309 3.09886764267908
0.816641993782043 11.2502507490799
0.473001367765838 -0.77966780028881
0.153922299511803 0.895130966368383
0.532974116803832 -54.4204842071448
0.379158231869418 -28.8285251972734
0.522987722135155 -0.376559915045224
0.726589930508696 -1.03572482614094
0.564495277241355 -8.12343514282199
0.758723907987646 -0.0956314206446991
0.382377240622818 -1.11533450441183
0.225685523742051 3.68683522148757
0.597935603404755 -0.103428869507608
0.473155807216129 0.517626566239805
0.422698861226628 -5.20153682871342
0.759497139063175 40.1379284985364
0.542364468834008 0.725937533078629
0.543901263972525 1.6467694022076
0.24598778423429 0.459020345289813
0.578994273338321 7.98467994844069
0.649785110529859 -12.3727634923237
0.788738533735692 -1.72772574160429
0.392286341342466 0.177224591632956
0.525860023808045 -2.39799837572297
0.294005948017075 0.919491756974076
0.226124188490005 -32.7077451880496
0.435826509004163 -0.660853852466097
0.767483061484905 4.50573210286485
0.188480491629372 0.287946947759224
0.285180628622776 -2.91595643241687
0.725728739171983 6.90117482120669
0.509927063273425 -5.75492296005286
0.595595354066949 -0.258710391662327
0.690471386506982 -1.10460997512295
0.196865313705135 0.325876568292657
0.287649191639178 448.600509930403
0.603745993684018 -47.7876714580596
0.362910885583263 -1.0349531061902
0.474269568529547 -0.202720750036372
0.615177476265445 -1.13709330902621
0.384571883591655 34.3717818049709
0.645942357787215 -1.2577812015045
0.339118848022038 0.543740956019504
0.660244402312601 7.94084475748848
0.31312108881403 -2.39500052278689
0.796099849767381 8.86166686055388
0.602802518641061 -0.961693056619631
0.41162078334854 1.1768666788564
0.760859675586107 -5.62680766437656
0.380696371168667 1.07215923729376
0.82573921735078 0.197260473032187
0.811281972721122 -1.26513313045472
0.412565339548299 -0.266504945154286
0.504989459631184 1.81663199866656
0.352225426334725 2.5334014112059
0.65990350329407 2.62434010622913
0.711894916717245 2.40630859443315
0.691585161812244 -7.87064481484595
0.345986635503526 39.8034538729228
0.201732953358728 0.619028221570173
0.972283232141939 -1.68594506188707
0.137478257220692 -1.91284403882805
0.380822436390145 3.33156597731189
0.515751743080681 -0.638897202334341
0.592396313646687 0.161824323421836
0.376529318312485 3.60606509699313
0.485035116339018 -2.64544918383219
0.781644574562138 0.603720108827051
0.374493173270546 2.94926776089741
0.815082576472242 8.91955955754025
0.457357806655238 1.28006181169253
0.674573149169112 0.51053688835802
0.595401415455234 1.40870020102563
0.417924785394328 2.22918289924709
0.248878381751764 6.4518319337871
0.726663497164695 -39.9350288421874
0.46566896014855 -0.600357665998887
0.0797994973503511 -0.881345320091828
0.713037455870252 -1.07557854346895
0.523964394515157 3.10954723961113
0.814771790710209 -22.768331903916
0.273118184042899 -1.77267221612505
0.589289368198539 -2.35895230651076
0.434051236135512 -6.72199564413153
0.378649851854157 -1.11733138480025
0.361751350663364 2.57518653788346
0.405111042030759 -0.640287219395984
0.789337770071795 -1.01677344629517
0.531342264539416 2.8037944110225
0.537094447550853 1.11113047801075
0.403178377897915 1.58288358983452
0.554527949882249 -6.39962569112901
0.207265893497701 -3.89687146353216
0.564908960650818 2.43385706133918
0.406250888509293 -1.70324210935015
0.434778109125712 3.84799736153889
0.283868817060605 118.654184801077
0.59085725888597 -1.64556141382061
0.850305495850063 -1.56299747110324
0.45435481418477 0.0706540854434083
0.659821450871398 -1.53917295387665
0.49070777963304 6.43955436119291
0.791898547208165 4.02336881687396
0.572012717510952 -3.05295971048132
0.443285246154092 0.32403536451919
0.518445626426762 -2.55653494410422
0.377215479887068 0.53729291378385
0.494159057388317 0.441802954376844
0.362112833951804 0.279963858622037
0.433678944946836 -1.23339121263551
0.35194560302393 -2.24997462727543
0.671138337319391 1.43668029103082
0.583889931656167 -1.75078246308481
0.602828065704023 0.370322550185771
0.759555335257809 -1.536450402162
0.914290083124612 3.45284133051729
0.45872374419011 6.19784199827467
0.0719449186578161 -2.4316525915035
0.365837638273892 1.66419330802515
0.903937879213416 0.315706993694255
0.633859320722482 -0.297842957672998
0.778120385861902 -3.35713331037214
0.565121233299982 -3.71056536286826
0.362169069358261 -0.216538817160261
0.343858634483716 1.31218171625183
0.89132170303924 -0.74026198355156
0.495208873489049 2.28226679845791
0.376551729991521 -1.72628547956233
0.612154292066772 -3.31754636379216
0.334015567599833 -1.39093699442896
0.270906775998945 -7.084022524028
0.671349703461288 0.51371557699715
0.439190606470981 0.440390146421965
0.627738649043227 -1.33652059923431
0.33925892151741 -3.60808058046172
0.480400322094676 0.401817932931891
0.305761328161296 2.48570466505295
0.53900182247234 -0.128775954413201
0.520720443985186 24.1275485958467
0.320145248023319 12.3935407698667
0.775137828706672 1.47691254987714
0.566405666030441 -2.06531987173837
0.557460744849055 0.969036511782886
0.251700163271788 -0.141459227860803
0.267299010689522 -6.46387831434348
0.244778692958242 7.73534500787032
0.45017225506095 17.1846041517544
0.552519322394367 2.23813284760675
0.579140890471504 1.50515706841833
0.660516730538707 0.892335552311123
0.662088953715491 0.0551005301465226
0.236254581624119 2.64942309953036
0.851217663321919 1.28247129814006
0.613543502711569 -0.273813756938852
0.498740603968772 2.86063053466381
0.517405160496036 2.51280847255069
0.626405014703972 -1.13325561642857
0.367328771740166 0.291343826770184
0.811035559858888 -0.670663196210328
0.764628710148699 -0.151826114170074
0.527989649495052 -0.287462449095972
0.911323369703681 5.41243492623233
0.579635980451488 -1.48845098292117
0.322079226217076 -0.194458182763197
0.0933184828909503 -22.4675194161407
0.356634694365026 3.40435226869369
0.701471062274651 -0.333144908668538
0.401756026767467 6.21933078674557
0.194516232682914 0.467816065698864
0.404222272972837 1.74171388963058
0.257999962617098 1.67203769960005
0.533792959668872 -1.87576349165391
0.501323226570271 -5.98343984646085
0.369607047432308 -4.26997672758067
0.754514659507198 1.00836096006366
0.641482766759959 -0.241834094455978
0.527226258894526 -2.03895293463243
0.516129873549603 -96.1803702880575
0.725388535745546 -8.1788957311082
0.614671278830347 -2.88537963901862
0.728921914217665 0.587339225407747
0.294713634792179 -43.6272751078448
0.749772797219925 16.7451775659332
0.593384283790143 -3.68215777953414
0.390272263819829 -1.70473216897692
0.525674396525796 -1.22720700654669
0.623755147621794 29.4655509364657
0.587519888435055 1.97688690434707
0.600325685321062 9.60471588212458
0.465868195214702 1.16105074057372
0.706901113631706 -0.163023167874082
0.366711397973112 0.213468158608547
0.541478208332038 -0.453196906951679
0.541415309654538 -10.0487418175654
0.423867150577555 -73.899013277757
0.475874747756943 7.11942458486174
0.649514247310938 0.0123444716327618
0.301861289286127 -8.55288599212095
0.219031283305638 9.9756175963187
0.354295633467384 3.49827518117004
0.632119863816979 13.6699003455499
0.883363021188575 -0.772623181009765
0.225198173561717 0.54487539177315
0.679625621386838 4.10120585684852
0.766203462152825 -1.47921389173051
0.634216726872891 -0.481288057682495
0.430659517556532 -1.76012931400251
0.607560036367336 -40.1092110113933
0.790474572185524 -107.123838524473
0.770433321855233 26.3133084250257
0.893205037774428 12.4410250897865
0.31784396298352 -0.402193883309908
0.652352877567967 0.742715031347211
0.541137714426401 -7.67312442247579
0.502187551087512 2.54310248173501
0.537218351702034 1.81309718621758
0.780906601827854 6.35173582005532
0.819170947344735 2.21261032251947
0.145076750676265 1.04507038347633
0.653414144406914 -3.52985280220635
0.372364272126427 -20.6740483055476
0.518750020034728 -0.566572672408353
0.423907451390544 8.79430720638533
0.226017594243349 -1.63056293583009
0.254284621771292 4.54904062026952
0.826365661481015 1.92560859544641
0.509794809208034 -0.357881868101399
0.467326362965446 -4.27134861968993
0.765123253362255 -0.681021571794513
0.679735380393459 7.10244288254236
0.47201718170275 -38.7680908740423
0.33552990707909 19.1916843755308
0.394956853128501 1.10167671557743
0.885635718294617 -0.244146831324975
0.581670946716178 -0.302716071472882
0.479331730616951 -1.11842889204307
0.640827017511496 -2.59521533811871
0.434412692865619 0.0689936898744206
0.499862746991202 -7.92400878372343
0.361008910730892 9.52880762549852
0.732467082797262 -0.557309131393431
0.723591176668005 -1.71841715961495
0.57721995308962 0.665270225391687
0.470997594169 -1.81553784565229
0.881790937746807 -0.338634610520432
0.774876419815776 -0.437376382733394
0.501890394356242 -0.789556793005006
0.332210264443326 39.0342348241209
0.350980359328088 -0.353083314809107
0.196911456826469 8.68464274118952
0.518769390314886 -0.587952517628727
0.745574257290322 3.61941486051721
0.552453335852995 0.723452327716767
0.451229590981313 1.62737678715439
0.685702267390859 1.6473803217558
0.71885064297037 10.5294490186295
0.578629343614045 -0.921211760913406
0.645498977822756 -33.6646307363251
0.678251166529907 -3.81460580292163
0.696150053196896 3.41849167511071
0.425298703920043 -0.750576119170023
0.267712726944671 -1.41804506999321
0.51151534373358 -0.98693993042978
0.540277518505759 7.2849684095968
0.464540383427196 21.2710878504845
0.37074943980497 0.159859005813292
0.518783470108783 0.767809930953283
0.553435446855104 0.496012098642562
0.47311086913654 1.08546114312277
0.562865062817861 -0.523172600875602
0.42889942095551 4.6168808650519
0.610552801046619 0.404294229060876
0.775665847581466 -4.66263619624063
0.462784079472397 37.4622846391608
0.438921282132951 -1.5197517017458
0.333011395257568 41.8114192378858
0.678572030947962 5.52144912420083
0.416293236726657 -45.0925601909558
0.643900095474349 -1.13698109730755
0.295121154905841 -0.525837412085539
0.349885658487265 -1.12910329559472
0.484516320420909 1.75433398561361
0.446082135870557 -113.800235452064
0.581584577199168 -1.0021931133162
0.331958283242894 -1.95665833656818
0.502859338559566 -2.06982094274425
0.470237693802159 -0.0114390059608
0.344086712441818 4.39656481999314
0.231316299039633 4.26584679328156
0.647289928624017 -10.9430695904141
0.28368319906382 -6.96779065778438
0.606098327412697 -14.9937443930462
0.53513062507118 0.907112602303456
0.767093063900175 -2.45862713852102
0.424736552363959 0.868568135710699
0.51791021424404 27.8782643968386
0.57689051085003 -0.945745133608696
0.578936560367756 1.09864375672891
0.750718673197421 -1.35409737599203
0.590484158383435 -10.2098384010098
0.497927839609346 -0.784968198288728
0.714845337079328 -1.19489091926939
0.541981957080968 0.207975082506559
0.416962412168062 -1.76858658451287
0.229547081310973 -6.51447823511526
0.464630938198137 -1.69959625187506
0.350628595602063 -4.63725894324925
0.735562617373217 0.887423223572962
0.737357088195919 0.442040530537979
0.489952607286662 5.84091333369204
0.19760858380804 0.721564826457236
0.493578670775325 -0.0986031059466718
0.225502393068094 -5.42511410326712
0.222969225972336 1.11853861107063
0.196559506792249 -4.20773958410517
0.292050711736975 -2.59151696667784
0.569496093878291 -0.938478145799711
0.562102044060419 3.43000405069639
0.591915013667772 8.27574786715458
0.461119525533822 -2.70260007794368
0.37072768694727 -0.190823227654927
0.345473614153837 -15.0322980226696
0.279745177537992 3.08663639201368
0.568491153606233 -4.3288860809002
0.840167113774579 3.7909132355602
0.608859010747536 2.45314522295415
0.78855705897943 -0.147513423246264
0.185176660244073 3.99673983602892
0.684787080442673 -0.693495246156192
0.496665427607614 2.43524427762867
0.415852460810487 0.355632972456154
0.891761913234196 -0.199864620915844
0.269417277359848 6.40762301076207
0.383087839364151 -2.98679786513411
0.855689455757363 3.18534795369593
0.571404694414615 0.810146809585664
0.622245644900999 -2.22868997319341
0.63932737192914 5.47140294755821
0.374779874498597 15.9979666888475
0.558376534962672 1.77615276722592
0.113500719952119 -2.33287499338659
0.632510847945424 -2.61970346130032
0.67845760050866 6.16971104636662
0.421320619272103 1.61388058180974
0.725352746411579 1.9428230282277
0.391530425681702 -1.90109834984492
0.563608628976735 0.489586323751642
0.299866252551243 1.84057014978226
0.408701888658607 -6.03866300567137
0.313747317888077 -5.43172645923496
0.619686672888335 -2.23949726873354
0.0391690611845623 0.685480857338215
0.709153166797033 3.84057891144374
0.519949896345191 -0.712435928029881
0.4578374269457 -0.211096182851581
0.600157969826926 0.978251844895283
0.441885475652766 0.259281904494397
0.338099035608869 -0.597609824815559
0.349777678758937 -1.59170508994492
0.606630335611959 0.659609324939114
0.590958446726854 -2.61043938731315
0.596174308551141 8.39029738303667
0.449929789962117 -0.469324348886257
0.490532674765635 0.598711417988874
0.708374364915586 -3.55958338306522
0.556791966471509 0.594140573552783
0.452105999336527 -2.05219484916082
0.586400129557454 -1.44349666741976
0.731952043785925 5.81630305920403
0.381433693442364 -2.38886234401877
0.660271092974569 0.591489742527837
0.481348624679786 1.52454827082245
0.845695364757432 1.28436565157138
0.412244782515533 -28.7078950989023
0.256034708810591 33.0364239894538
0.68630178461084 -2.05529507574919
0.432028322189315 1.29086067941493
0.806021042775509 -146.631336199291
0.796953631565665 23.7801097057718
0.376729863079675 0.468776699971373
0.580738241971332 0.83480162510186
0.19363092896612 1.33067300222271
0.550648233997383 -2.65853540480279
0.557738415388917 -299.23022685872
0.61254651004781 5.94558825430554
0.699383154430544 13.6198498332399
0.6841965131125 2.46458341415399
0.774156636446953 0.616281058927853
0.308965406248671 8.70651949772047
0.650385203526281 -3.29038923843374
0.607166345379201 -0.537854288987281
0.529947742031081 3.80105937888735
0.344733186711207 -3.62313486051991
0.791962654305455 -9.3328541859468
0.543730715258285 11.0474291597256
0.391127395466707 0.93986956432922
0.467190816074144 -1.48308359666353
0.643662031501232 -1.92111933910288
0.392997577698783 0.344585989606581
0.452880840741704 2.15497278772473
0.476458617712375 0.251411926385026
0.849241737902991 0.658138468056723
0.423034781636911 -4.57002044411825
0.724637818060103 -0.567185705287588
0.587004226759225 -4.9496022875469
0.587940194549919 5.24705749053549
0.074899572373116 2.61437887371953
0.658619393126168 -0.128197178465892
0.729983634826643 -3.75855129446657
0.480422662528945 -82.3007558920582
0.186880094827781 4.50708762277445
0.638159526860287 14.151476529608
0.319601309843818 2.67650117300173
0.304945482457854 -2.50863846801096
0.568619895372648 -0.441125146892167
0.649465849476998 -82.1439846173579
0.84568836060926 -2.36306139102859
0.594342728228893 -1.49416601087021
0.834931890155902 -1.72900333961922
0.619980567726796 -17.6011533050638
0.633339074851648 -2.93199021581161
0.580750362669329 5.54273553229843
0.38437747047685 -2.44810153040855
0.296515020212567 -1.04741225994274
0.70763903228735 -0.898873402722573
0.44276894393581 0.395164288790178
0.339014836346335 0.996373820242288
0.634310688807845 -1.79445420269067
0.550954913441249 -2.0930673143663
0.720606228669504 0.71717005353172
0.453472353103473 0.983920784565611
0.758498998356041 2.8368700888139
0.374191268792905 -3.95717049995562
0.185586549152344 -0.679393926992173
0.522150010451292 0.228237618309158
0.614460764472911 -1.51531565528287
0.616901216923569 -1.12564467478601
0.776809260858816 1.53043697517418
0.730592226295745 10.1303631305383
0.799449861133886 4.21236653339025
0.532843681963488 -1.87243900722064
0.470154103168182 0.208107887324083
0.706354564275312 1.23871917009371
0.38142096353172 0.529713086864785
0.601896809686496 1.50819693898682
0.447097369436669 -7.33004311965448
0.655838646756194 0.725040942535433
0.321615666173585 23.3678023846767
0.113902429205413 -97.4666877651288
0.434994868849134 189.031624202201
0.621083818718822 -7.99669441762136
0.599447196567331 -29.6145219548297
0.563499310091093 -15.2475315345191
0.705035546125304 0.479158630856164
0.468388807373854 19.6925900529013
0.505141491468276 -5.12930420935898
0.158797054716782 22.7528250157001
0.410989639220731 0.11570517013407
0.762405030809265 0.0284586278190121
0.108987476383823 -2.63596655457018
0.525988170675758 -3.51007952438524
0.465115170349718 2.60446431482181
0.792857131324047 8.05913843932256
0.624117467271395 -2.32336319464483
0.825758173674521 0.687047939049415
0.286242187640813 2.59646265817811
0.487751810824096 -9.87921551145698
0.599359128717888 -0.917579132275776
0.267921368535517 2.16265199593717
0.436251075304362 19.2755578274573
0.704090176799703 1.66788841327208
0.268117093758047 2.13004856306878
0.747660346239597 3.07335916982066
0.734551642907859 -0.163722122249605
0.608327626232131 1.42726927510416
0.624433015085174 -2.30689937617038
0.757575010075054 10.2514618895724
0.821213715324352 4.48080305892525
0.723239554433871 -26.6112658551458
0.469998318937639 11.0722777237264
0.659610090996034 0.111895958378357
0.42977669059497 -1.28604447503094
0.7156909393352 -9.05319168145581
0.394907976061521 -1.03512393942396
0.621723682424294 1.82351339573428
0.0761141589198712 -8.09311797144902
0.651421394675533 18.1835320938291
0.411376310336519 0.146436220812967
0.659440480085561 1.22816039557262
0.798619465362506 9.97138849102151
0.460182184277988 -1.26360649640418
0.73771078895275 -2.41176622546896
0.51390975982112 0.453327860118605
0.599778971335508 -2.73801783758282
0.368472845850533 11.1337894355184
0.563171771225439 6.63575653143038
0.625100893276964 -7.39637431338882
0.470495426644631 -4.15541299671699
0.63003866670391 3.43182265470669
0.537800069429471 -1.61357247161785
0.809952169104226 23.0312165457222
0.495117154229125 -0.92687292793178
0.524937104034264 0.269843873392245
0.289481482944609 -2.13819815119005
0.801949406714065 0.352791139782339
0.377338515480731 1.80036012827326
0.375468416933718 -3.33149437667221
0.457353506175032 -1.11266057789418
0.302916985571451 0.458938921259575
0.824244689060786 2.69014094091422
0.429918787153634 4.92519006122226
0.463601884984561 3.0447474076059
0.67414858082567 -0.556140721974759
0.411720959032878 1.18366397659945
0.865619365476888 8.58911129603418
0.692014995566345 1.01079999772371
0.466814036724218 -1.09253377612467
0.49124931075509 -1.84040502999229
0.447996111100995 -1.45935003867039
0.66369636844176 -0.503662219540222
0.653406053727713 -0.786712239250082
0.573785226731954 -13.1856369399681
0.301595752832833 -1.64990480374515
0.848909357531918 -5.34562487968262
0.298508156261057 3.36371623699962
0.546760296192021 0.892632934970406
0.804406483299206 12.6286983071324
0.532263181892738 -0.417592346652367
0.678237374869144 8.26967091287234
0.427831871405276 -4.55931677426548
0.700759834086879 -0.280218576380181
0.399229533305503 0.351280232037976
0.743522481359934 -0.21836940887185
0.785253590844889 -0.614197662261006
0.282052762808759 -0.430047706646349
0.471970249052714 -0.186816852085181
0.678605495413682 7.06409786370023
0.691150580742414 -3.65160568441532
0.608092498533836 -105.886969732566
0.308985286117667 -0.636814195958419
0.383073262564608 7.99982625804123
0.219352090218947 11.5227910084718
0.328881500577822 1.35649041716227
0.555624802464822 2.95083184392136
0.511490313449134 0.457721809240564
0.7375129033475 -1.1098974917438
0.649812034532691 3.05582198522473
0.58336438752973 0.80367898541467
0.558596598934985 0.42714232275424
0.790818586859127 -13.2949492582395
0.678016410205172 2.03276345275657
0.641043501844594 -6.59875167101422
0.263084031878941 7.99079027230511
0.367648933595228 0.706092261264322
0.707440692811134 0.275002404228966
0.709317541899331 0.110737403651315
0.292096817423717 -1.33193786111133
0.542072338761532 -2.2840700144856
0.714919718318461 -0.450948108301995
0.493933222996889 -1.16141041633038
0.678012841227664 -2.05537168105188
0.444211868218416 -3.28412773863601
0.548680060296688 -0.63842054652174
0.71198636052111 1.32939878573571
0.313119685167636 0.674403166451812
0.449863440799303 4.8318411735736
0.877553695089755 -1.51576085623507
0.859264467563063 3.06805634386527
0.813955646688808 -2.00917618208925
0.580369129840362 4.20815668216755
0.78154319425276 -1.85518637313207
0.593449503451084 -1.79619506572852
0.877813864053765 0.0101826736825912
0.828133847925844 -51.3483792813307
0.407053021598156 1.01018662116414
0.477561537301296 -6.2889285625615
0.664443672322901 -0.588383527431575
0.759468871281998 0.0611936934484219
0.699448442682049 -16.6432769009573
0.223600474290343 -13.3904797196229
0.726625818209658 -1.70902015407087
0.422720148862524 -0.558325153018571
0.393184268404518 1.7614272875211
0.868094976482544 -0.127313700017749
0.579870063730689 1.31700187855946
0.725903122761075 -2.46209733054349
0.468747065549652 -1.41872989504383
0.769074344387181 1.20833273306414
0.821192577958748 -3.73419953656661
0.488093133669378 2.2279457848532
0.431704618594082 -7.47112281885339
0.352863789584275 2.88234471016449
0.520721217073307 17.2643706978712
0.776345037402724 3.9844885316811
0.575623532566379 3.52558469642687
0.553794742526141 1.90760405186569
0.350228546181007 -4.27444893642752
0.498840427353701 -0.479458915045834
0.470443994985285 -5.17166996743689
0.472086163129077 -0.738640694440946
0.489951935482604 -5.5088726487613
0.588713753739069 1.21908669126313
0.842728680165949 -2.44733257927949
0.79065536833693 3.0938462228334
0.640480994948311 2.14491830182983
0.729781092764551 -15.7188648677203
0.470124386993169 -0.642897708056233
0.418059248222103 -6.96678517034351
0.849184221884227 -1.3626395249823
0.470683441797516 -1.28726291760008
0.826021984641304 -1.47098953174683
0.237932245589917 -7.45169251747158
0.428774067853952 24.6804470969792
0.458770877544773 -3.2823434815735
0.872114869705886 -0.843331779896162
0.919316234659226 -2.31630231707521
0.0785086060877032 10.0959956513902
0.735902805045848 -7.58517739800228
0.530422206554463 -2.21593825510324
0.286547969439861 4.44541977063394
0.467033446783004 -0.423038493754799
0.714258179617693 -6.19599919929509
0.663301983943015 6.79617117754049
0.468881153452976 6.9624782193749
0.523037774129934 0.344039035283605
0.369293906607762 0.22224030088523
0.802478458582406 1.88588412900724
0.62229072802989 4.19353583175818
0.351521980899831 -1.10578686922957
0.690891961983557 2.92408796527212
0.604546581331675 -1.84727934003748
0.597804161969336 -0.811522216165113
0.796854347057696 -1.14419888245229
0.39089336474063 -0.911088258020551
0.517765086081579 4.91712950909791
0.222932891500794 -1.02104506359473
0.38762107346767 53.993753776837
0.613045721856431 -3.55072793930296
0.480036462637004 -0.918954812103069
0.522087958604011 -2.16278100116585
0.593564916218196 1.60823084616502
0.278800535245107 2.10402281952647
0.556443846426492 0.360638276006337
0.54825989452464 0.150604627318678
0.488627718590427 2.47322490227008
0.689923899623889 1.55910105754709
0.196044402774419 1.78093538263315
0.837768446820179 -4.38610728256239
0.838259833817394 2.6393976577198
0.481372812390026 2.47788165893281
0.478070864418543 -3.19986581428522
0.504522851383397 0.879173753463033
0.481091273053808 -4.03306477282562
0.726683385844332 -1.76880800966975
0.590831658571436 10.4986746406205
0.768488980368538 2.79465446386554
0.288476608051903 -20.6098997483943
0.958628282140824 3.64954570203863
0.780915995960989 -0.254305686868262
0.479247176639987 2.36793460540288
0.0972151614564612 5.15689117373669
0.853783817139816 -5.43448205436427
0.402882813854883 1.8472982788129
0.419618004204326 0.298202660006079
0.73701932723514 -4.18727571523938
0.475048812250362 -0.622374819693443
0.760537042012027 -1.34099880939962
0.691125353067251 -0.861270127229703
0.471627659949831 5.36741918800481
0.963529068710315 26.8688293561506
0.314815020298205 -12.1674461577491
0.207724705746822 10.3905520469789
0.654566607522828 0.315512690156961
0.597152659469634 2.15053752568083
0.619929894655353 1.06689512803547
0.392632284687702 6.20065176015555
0.451222339505435 0.770097614139158
0.462961184915232 -1.57822883220653
0.180817132595834 -2.56674837215015
0.427509472946547 -0.445992929120253
0.911403865763391 -3.09049500780142
0.279758225345157 -5.64647742334325
0.663646513641696 -0.851501135168268
0.749638779421552 -0.292718141960036
0.414092303534135 1.13024402075744
0.792281922620595 -2.37308030015243
0.324067005884131 -17.5398668093362
0.716058983221066 -3.87822204647905
0.949925779504055 0.800952911729453
0.261215789596047 0.528525789499335
0.281739521093651 -2.18510091479969
0.656715792722423 1.16963148949165
0.918437593835223 -2.48431202219976
0.562438874788835 -3.1543515895286
0.688291555596124 17.4860144115106
0.310520194957797 8.76718646969562
0.344255380747761 5.64026722216465
0.271826047234918 1.45124231964653
0.153584820223609 5.06238477448733
0.705069632812119 0.168119436466331
0.938087862228872 0.149410555439419
0.81398618187941 -1.1520368822341
0.623719656663735 1.69282095004774
0.686323037378384 -4.01837190388297
0.527344386671837 -6.47258814903882
0.608046331710449 -8.37733438363408
0.461377918081727 24.7337954497133
0.338915446223093 7.42448449524672
0.659899698934085 -2.66891389843699
0.6688456737546 4.38098197034358
0.260620531149772 -0.793986328313992
0.493102975297354 0.422646274661151
0.631253206280224 -28.1322439199353
0.628212253329054 0.654419991751762
0.400215647084907 -45.1073846458278
0.374221345932645 52.480375036667
0.340191401372046 -1.66695400497025
0.441185851422385 0.807075276225751
0.51642504856528 -17.4041117131678
0.480797269551418 -5.2309076875912
0.532522437678301 0.34332785265027
0.599831478553938 0.0594351571943131
0.857511907377492 -1.21510613286252
0.307553825742814 9.42392780477737
0.624234826818408 2.91170034675773
0.7449598481856 -13.4129201515006
0.680192899930357 -1.4416838330644
0.726956187134711 0.866643564104337
0.546099028766134 -0.154739312303358
0.504886268377756 21.9639173199241
0.372443322154301 0.647855659750847
0.372965776571194 10.1005668038562
0.611833776569757 -1.24468389181953
0.316215921603885 0.943351751669139
0.503306274733037 10.7970560348548
0.483030268599646 -0.295015479646403
0.585002567673538 0.855395229779709
0.92275253180879 4.28064826532403
0.689343616587936 2.82288633535972
0.538587100493261 0.794048361116736
0.425871676329072 12.2798450172866
0.291519610573712 -1.60264597139022
0.438743361150267 -5.11500625293584
0.339471705359817 2.77789530892231
0.512439805896958 1.67827425169405
0.59937242412582 -13.7813154769422
0.712386101541504 -66.3970866563025
0.508768540648536 -0.790050317661433
0.734680319019841 4.98265880111433
0.408990940088303 9.24752179239405
0.630702444642383 -3.82282410182105
0.524749630272871 0.499024115527648
0.456001070214128 8.17261812308691
0.844950190227475 -0.689524875634109
0.732576545320339 3.31285022356573
0.4025499421362 -4.31647411392172
0.803396656263649 -4.1356658673269
0.405474459005828 -0.213070527298722
0.284120273362345 -0.907037283028776
0.630235968797611 0.416830620390619
0.716155256673872 0.234575050110603
0.599884768640622 -5.92240845859312
0.385698224290762 4.91370094535281
0.536308744903485 -0.665436730938027
0.265399913875916 -1.65215946221988
0.147601410444532 23.6792510626193
0.652443176668602 0.172499127744586
0.823736428660499 2.64974162553206
0.839297103215663 1.37445839498693
0.373674153092655 1.83584276384341
0.422874192789183 0.0063016472729382
0.637920571246515 18.8908206583299
0.723163342106826 -16.0501544947862
0.515705283486087 -4.26552663683348
0.714364639617894 -0.210134371138684
0.289487293645178 -0.304477136922902
0.599246694520242 -2.00506630275097
0.69401800621598 5.38505871289724
0.173925938010156 3.34169324219896
0.396628389740377 -0.0179409551311257
0.453411905456391 0.473213529578802
0.399290762830916 -0.495276128719666
0.366425730944387 0.861866488215036
0.812793482418077 0.969134681555315
0.829776671376811 -3.50282528319034
0.258363234553804 1.82025142918932
0.522476429156413 0.189594347548111
0.852609482597283 4.74352111084199
0.707439441955237 -58.184864249929
0.312652878211876 -1.44522722824541
0.367527086183581 3.32679702953699
0.595372758080843 1.32867201008388
0.392410702602513 -5.82054423229541
0.497887862927312 -0.642652864008254
0.599136864704162 -0.580845360890469
0.605024221870876 -65.2558093102915
0.73902918862277 1.23439643272773
0.404480653516918 -1.82452568312149
0.604771843823659 8.03872547198629
0.870516284849291 -0.207278251067456
0.67012142041028 -0.816315469615048
0.908629513813167 -0.158412396168182
0.763880671430069 0.541559110586493
0.638180945331581 -3.64855599691849
0.622479783425836 -5.68806077372985
0.411243404872529 -15.8518319278179
0.613575874991892 28.1036035160144
0.584828571486133 -0.910012747977348
0.605017223584525 3.26857548514973
0.251994601712879 0.221427823100953
0.319890599859579 -3.69253390325128
0.652479373748163 -1.11504028819137
0.63955040042585 -0.152977900708803
0.744227963872626 -82.3427218376022
0.339774775383573 0.799381986483993
0.274333922711038 2.19172166477654
0.762482679481693 -0.937133834632491
0.841191173695569 8.93245669728188
0.304870195912465 -0.0778694533413501
0.733432329449078 0.520803699205594
0.272662091152461 1.71723025495242
0.796908620632411 3.91958669903842
0.573676519621259 -7.54027843078738
0.401497496888581 5.36531250319693
0.807908006681999 6.62074741379316
0.417596808943646 -8.27674288507404
0.390075761174814 0.871081658980677
0.55998778889803 0.811720130195567
0.522738686570184 2.65976785464423
0.575793474183506 -19.8900358143008
0.839311231737945 3.78946198069706
0.623178608393187 1.63022952717605
0.170260119535497 -0.269753605776972
0.591474743640993 -1.03741418331519
0.628974729578359 -39.5626626976091
0.218331584230664 -0.280067214185082
0.778387710302524 -1.25481771998621
0.524633405416363 0.916789250169324
0.765496550528323 2.44028080579712
0.341609435507874 -118.322576921165
0.251288076846114 -1.18587365605879
0.768065169901067 -8.89389538212384
0.286852622236178 -15.9230870678038
0.490863083400699 -3.32391806479212
0.565212930854536 -5.1601096765801
0.895771668946107 1.02475222965539
0.620336000223516 -5.11431704570796
0.0945346227565274 5.78138949242719
0.402411066895129 1.4925835716679
0.254514002297468 -0.112744607236927
0.706244751388679 6.06810445650985
0.885413134782131 -0.091876499584762
0.501787814065393 55.4335600309505
0.77166928242087 1.47256117231283
0.978483792443461 2.48927812238949
0.378988648680378 -1.0464994674864
0.330673181104853 -5.52829150710781
0.16540494212278 5.54525680727867
0.377707738339992 1.74067659564557
0.580370640458644 0.641398277026173
0.525535669666568 0.165128584125803
0.302633471720728 0.896567612510882
0.71238753237369 4.30791837616507
0.650539757175121 0.37187129025005
0.50038122430328 -0.132414688112736
0.777985616756728 1.3897313830704
0.49202582658652 1.64370585930603
0.584782094669512 5.15798658452145
0.777104962289567 66.6639595685881
0.566182817765887 2.2626688697511
0.355472408885083 -0.508332028846018
0.203531205967157 -4.13900123749348
0.555245486513482 0.128579352834722
0.66546015737627 0.0999357434550167
0.387166544011855 2.48938446223551
0.854523489464639 0.331071976298366
0.774498774525097 -5.20559549194793
0.693863182346407 0.112095656519734
0.530313146300491 -1.40947251386682
0.564558365613534 0.553267452007872
0.35842223075646 29.0923938678752
0.669748453069481 3.05759898725184
0.185825519958802 18.2654783756817
0.778452306744896 -0.28005200281276
0.795489346833566 5.17782555501105
0.380828090703304 0.951893146830979
0.387337832588993 3.12431182015058
0.339978122411425 -2.89189913199501
0.671016305298951 -4.21713495162622
0.291290158536498 -2.30340758503958
0.472040477681883 0.65887007490221
0.613022185649391 -0.404169099830263
0.558712999739641 4.23487449622551
0.817946965587531 0.74958907789491
0.768099012812613 18.3958047428321
0.505824997633907 -2.23788601208972
0.93727379826166 1.23969795111239
0.631593732191122 -0.428226444606275
0.157978350110739 -6.75431037659041
0.700803599544817 -3.4177815439953
0.477856519476886 -2.57270211326596
0.461302914461702 1.83197185994788
0.207400760313876 -0.599253141536273
0.511989503098892 3.12938976738316
0.322648114117343 -5.15584005690607
0.751509643369773 -24.2101680918766
0.50393412184136 -10.8539794117151
0.470784276400876 0.916072513414226
0.708403447865898 -3.20143008798455
0.77625021674729 -5.83785044129862
0.922841572855408 -4.21918750332979
0.600912101008448 1.83951199481511
0.376679512838824 -0.553326184065601
0.743567907188805 0.193884578073719
0.364493177423288 2.0189036892113
0.222802836710243 3.2082963095051
0.273260685362738 -3.04841498991807
0.540175745956314 1.19096278479683
0.54678888018252 -3.69070536383609
0.849803675025372 2.02896368287332
0.350004907150394 1.10880009077328
0.206215676638842 -3.17956062652116
0.832809076524391 5.67626790735613
0.69081475848447 -91.1519713158049
0.564189261434171 -0.727237648450952
0.799518153094343 0.110256611047613
0.460552255541997 -1.53825498800152
0.520403899100636 1.17748267266993
0.714770839277085 -2.76040074570958
0.437760401057288 -17.1201766482424
0.561793118521436 -10.1365178605059
0.670018074415816 -14.6374939012336
0.397166334506455 -10.0919683624317
0.36921953536178 3.02274556824337
0.25589223965692 -3.59583917214097
0.856145158309041 1.55781237807311
0.652493930498845 0.593607485656654
0.714875389584722 -1.10507608522542
0.328655828380487 -2.64609474088045
0.686337602609696 -0.908047499528178
0.675218040544204 -0.154228518580596
0.447191287265962 1.33120470536262
0.230019619878817 1.27790367665789
0.273776707539565 0.19475306690117
0.716118117173619 -4.48556195623125
0.57406976638223 3.50507192085705
0.433057276028937 -1.82147236791787
0.787670153306807 -0.289164843595069
0.279002722719496 1.32985020642738
0.694967666698124 -6.40407056986247
0.542348850204743 3.00776193369384
0.682207858081894 -2.09531290029781
0.480486729938545 0.788483009327123
0.742350533279832 8.78245963985833
0.299716101082163 0.31182081501023
0.445183137376996 -0.039494410151825
0.646733915923582 -4.49534456913132
0.728411779975631 -77.0948621969218
0.0803326702607781 1.21402899017103
0.850571559720719 -14.9361533629456
0.309480999643982 2.63746889647094
0.70035297369594 0.537654757633429
0.162321837977131 8.33008980481678
0.266997676154444 -2.32345214614183
0.386172516300673 -1.32901497010647
0.58063788177155 -9.07029546061992
0.54401590096377 38.4400014032359
0.459350592289616 0.397283732036076
0.506289533521931 0.0893754988029981
0.604443101421248 1.46225652231193
0.739745873086415 -2.05682331745702
0.513262723257047 0.253452570327806
0.83271314973002 2.16908611156171
0.440214108924977 33.5814308896108
0.627947096765725 -10.0618987693992
0.617423596658557 1.25819583971995
0.335472231714869 2.01364981507151
0.655477237898035 1.42988921537635
0.552398458360083 1.0945365503443
0.970165985530733 -14.7627525584819
0.548449090467325 -22.0681227192134
0.770091806125173 -0.278418735371374
0.348917901570735 1.86778903946109
0.48745281511762 0.428934631066371
0.190129043957519 0.68168485663505
0.379659578697683 7.86237751201489
0.560130606892596 0.271408826468278
0.474984161382018 -3.60789189895979
0.493737410329772 3.47498521152065
0.688502296258424 -1.22608629070511
0.264748725510423 0.13173310147938
0.399509907260855 -7.49399123303965
0.925295843263095 1.74907322409035
0.392582270390158 1.33784275768525
0.772886594467013 -1.28833222629999
0.466177805787425 -2.20665084619028
0.686442412774445 -1.43548419226449
0.427289678158485 -0.325212990349228
0.380756538567426 -7.46218195576572
0.571635639209241 -2.40827996220963
0.716772817263873 -4.05554995807525
0.336186491068249 0.233182675597628
0.205075004392122 6.05378377694929
0.287141493478034 -6.06520473300919
0.146059801378402 -0.654657953745564
0.767897431866745 0.0479537939792817
0.789421374865041 1.76929890298362
0.535733245834031 0.726019452512385
0.524601840551691 2.09982849269337
0.528195008262748 -3.62950224445858
0.866478996024493 -0.731953986066104
0.691174641364997 5.21869653291324
0.910666500797746 -1.90181257627581
0.782038697978675 -116.155792332243
0.248319449892906 6.16209581661591
0.728745872075225 0.62365142178856
0.850626709478905 -0.290691620323421
0.366437621684298 -4.41752150971379
0.376375902813342 2.78587339035789
0.310968397087215 -3.93783241094584
0.289508673444105 -0.523621414411407
0.451118734267901 1.06032421607708
0.588484989575192 -1.26813968702853
0.794656988351483 -5.16158101448278
0.448532946935264 -0.931162895647744
0.512670932788905 -0.0946529549118991
0.945548815747598 -1.05419155169042
0.608116449436634 2.12645612672328
0.222335719471691 -0.491732639423131
0.786711774730893 -2.05504642049502
0.202630838488121 230.014224503263
0.376929986503607 0.937401723464087
0.635814676160644 1.17001206563019
0.397242676957878 -1.29688638454708
0.299622527407805 -14.8449578686219
0.765860456784934 1.83427325875839
0.31230255092144 -0.695126607296644
0.67458834751148 0.0159770276539476
0.349873868677505 2.29811019066184
0.562217581166606 1.89739717810876
0.486972068087959 1.59272322771892
0.500014765091671 15.7923941440678
0.884523337926207 -0.392621791239255
0.643829765387369 0.667877352548092
0.549835338531978 26.0617999356089
0.562326920579483 -107.749615418889
0.36785467711624 -2.0929173573332
0.255497143519273 -7.39396820502378
0.604620503030268 -2.2529644127346
0.541280069606749 -6.83181261119113
0.50145880261777 -32.3424650839902
0.607397766538763 1.64343817486665
0.869199097478763 -17.5907382828815
0.293205162643323 -0.632551726268716
0.844080433295451 -1.11251266206083
0.3901594064685 3.01368683459757
0.529949804074516 0.0104511248308099
0.496460323821338 -0.955314464769921
0.524706018479284 -1.03646100364102
0.633143713691651 3.39008216013032
0.457133127073737 -1.54722046317599
0.83665754189897 -0.730201806026733
0.736192969123213 -3.21858457593986
0.621638029945415 24.5716410228577
0.26302199257182 0.399392760014508
0.575453849302925 5.03405063789116
0.547944982038376 -0.953448680203551
0.508479649952246 8.0379477188296
0.315856597266799 -0.429469926789012
0.89643551613554 5.43295633278157
0.766841928579655 -60.586748418223
0.460720122629762 -0.0677011056497452
0.531360590859775 -12.5992604879184
0.703670879321396 -1.45870467050572
0.558370143946466 -2.14500955860372
0.318756979786199 0.226884888741275
0.610063768983238 -0.928672324365221
0.632430005412688 3.96868089170772
0.909883489419517 -0.784994972708231
0.290251460519139 1.08185053301247
0.778151498365021 1.97812961695478
0.0790007252042419 -0.722638643141738
0.575768854686905 -0.740872652284906
0.545267194459345 0.509951328601991
0.680591904272752 10.4621545779019
0.811603286690619 3.00123023174914
0.6572954681684 4.35779581892134
0.603606295631197 -3.15973743994497
0.299309278391339 -7.49451910179769
0.476712536496146 7.90609615559559
0.654266164631846 -1.58112557568163
0.888572903609775 0.0345354039643125
0.357135728259876 -7.85554068954828
0.797229074459232 1.07415580753699
0.769468202422563 0.409938199485268
0.127000761105741 0.941418364294473
0.295419582106912 -0.686285800681022
0.493254553539713 7.51809502536497
0.832229232432032 -12.6600929910165
0.737736148985279 -0.172222267244417
0.473804036069998 -1.22999873686524
0.719794084401075 -1.86642735227928
0.689920705358728 -1.87416568680831
0.759386198673198 -2.39185671007629
0.572021021660886 0.160745474136777
0.684913145864247 -1.2232877054924
0.524171930624236 -1.08468496762787
0.599081802529825 -0.85958854949357
0.638829433518788 0.0636166107487389
0.579916393427567 -2.31455157320641
0.272066620229086 -2.00245436254633
0.285536774917214 1.29358540374799
0.702171697748369 1.05419033099829
0.394317554508783 2.82349332644941
0.702204819976654 1.31182805131289
0.116599801141087 7.61208054355015
0.40842753248015 -1.51897014603005
0.252075819620175 1.25484440375015
0.459201604149741 0.135138639891586
0.591813820996768 -3.531257645928
0.475104260452753 -0.899993865659068
0.351547486478896 1.42901181181463
0.468979783905789 10.6380833519699
0.108272087055932 -9.70568687313366
0.374520429375739 0.61995646293232
0.36048378877434 4.35223622103578
0.611442452184436 5.09045612761525
0.658948358381854 0.299565645948689
0.549093702226626 -8.07782860118825
0.542301840885377 0.529655771275264
0.561555188687 2.90442857541323
0.814413236559929 1.52453631052021
0.472323548090622 0.0526836286920964
0.423949205722413 0.388132096753685
0.448942303073048 -0.585229947025517
0.501945368386517 1.4760022979208
0.928459294093727 62.1859980607135
0.634974223884205 5.56620432875712
0.099127177212786 -3.06334914100577
0.351700244103166 -4.2287873589247
0.538665104176927 -0.251166787808756
0.584027540965708 2.60689817318065
0.555462887322663 7.18308290402473
0.78225590465916 -19.6995273803158
0.797723954774551 0.92102264304718
0.447802786263272 6.53893180810788
0.561677374622372 1.49635812612025
0.583288296679096 -2.53517207919476
0.526553316855708 0.61828846228976
0.497900830366809 -3.49031680291472
0.474426252180165 -0.398160965581419
0.232858244097709 0.224399831953346
0.375521880248074 0.382104484071434
0.694806962174809 -5.69679055505453
0.75027851256486 1.58725771020956
0.755996096502613 5.35055182531096
0.439820167757143 -0.509553561643904
0.444176303013674 -0.947403452362349
0.414469803369979 1.54740122741171
0.573527369174796 -1.1369216776945
0.721424704372124 -5.34658162049231
0.438390444492932 -7.8430792694157
0.653580113115112 -10.5899646925973
0.114834154806863 0.638528784777493
0.398574347357493 -1.96133047864673
0.393715867334483 -20.8099002491458
0.313252254909543 -1.97372464401106
0.613478808174197 3.20019435946529
0.499096607006921 -2.12529905386703
0.709491214861924 11.8962005525685
0.795017114138497 176.222772225811
0.292744512516549 13.1183396997557
0.785039369861977 -34.7614655866444
0.572104026027368 -2.14018352552549
0.442370360920408 1.8165530758638
0.612865904392361 -38.454254790806
0.332879273054349 27.5754636049193
0.318717814546597 -3.38870753056075
0.525100342439985 -1.25414734667422
0.411774014990543 0.284727529769079
0.606588651716001 4.70675217073306
0.200282268941639 96.057949196165
0.687174142931485 -28.9420041811016
0.226236647321424 0.611944026681617
0.556644414957929 3.32214289654089
0.494544046389053 1.61935891908827
0.657183618834155 31.0458516779586
0.576733892123906 -8.34880536370999
0.289556997853686 -0.593848352110684
0.200665305854589 -20.4772709034632
0.71592714503216 3.23966496869316
0.528517571998568 5.90636314505209
0.359857783931726 1.29863417003019
0.318945444213603 -3.74547497348491
0.596956885605481 8.80617559923387
0.462979092533645 2.9574967060578
0.653337602918017 0.520250262772224
0.254606537930223 -2.70382362442639
0.422548425833351 2.50238909940632
0.561486267448658 0.42233089400536
0.374426197873602 -3.95265663468126
0.547594388056537 0.319470258111655
0.503570147658221 1.5983912187146
0.398166178621053 -3.74565525544231
0.715528169035151 -0.358445815392109
0.798149341883396 0.610567509737149
0.970913381198316 0.572583350724211
0.387000491765294 7.14494187817879
0.570280085283249 -2.31211772628146
0.69627530176794 5.05834067151257
0.776262004150324 0.350158179343089
0.727979132346505 11.186908984942
0.778433547280035 2.85880639352627
0.747945948535315 -0.063011351481214
0.361776483822221 1.32463327414962
0.602508888794342 0.273912677309071
0.553054005036061 0.755515588270848
0.639694616855546 3.27050775343578
0.596095580341421 0.420896447805361
0.528454204800293 -3.48811648217616
0.154728463754037 -4.67736562905001
0.695077887074607 -1.23257908217886
0.488859063205282 -0.498263532954056
0.664137118274688 1.03704849720226
0.717269647387241 1.04436220384682
0.359307183293982 43.8444178701805
0.704159681531036 -4.76949825904074
0.49709132889178 1.70793230664563
0.239774258083744 -2.13418571323915
0.604166731016141 -1.29483075491036
0.343379890316278 0.726042761483044
0.874234626360753 -1.56395948315405
0.829967526909815 3.9003731881759
0.654259337995772 -2.05678333109152
0.541134827418678 3.61753289582052
0.757872105746242 -0.995180068593821
0.579162926654318 -7.77726261156167
0.402910269678308 4.14887980088152
0.362864838947187 -2.50564844702012
0.695526409712883 0.859141305813721
0.665812185440157 -2.04047294241752
0.538886133349548 1.46852570341281
0.774304524222819 12.4233819436278
0.500492193116505 2.14890920270808
0.308581212437348 -18.2516190840256
0.590691163598513 -13.4352238089175
0.811550500688684 2.76456331717943
0.688693307116747 -6.78534221467693
0.817207427946996 -0.762330946533296
0.866353453998693 -4.25811917817353
0.340351443797941 5.85783473761614
0.888936910576537 -1.44511675906576
0.808634735234102 -0.279655168454482
0.330342553820688 0.741209249969029
0.578402477989748 2.47233651142772
0.435293655241352 -3.31714019271212
0.790470175293769 -1.26962555931835
0.710424495368601 -9.29278335331495
0.755285579139331 1.51903865086168
0.63092171142893 878.477073780575
0.440616695789588 2.02516939031806
0.597851393823572 -0.198182397534326
0.340520149832112 5.65673582543019
0.798610284980302 -3.78662303534262
0.679645450044701 -1.10026093518592
0.217134096814479 1.54900398526455
0.536504610357344 -0.0674077561714373
0.508910470939496 0.319224561705391
0.796550647803066 -1.54237070189218
0.644765108752839 -2.04562286868856
0.598039169750992 -1.93098667910023
0.504499035313024 0.579302815178063
0.25456990806596 48.4229329478058
0.527138940632511 -0.491553099005903
0.725204001912869 3.50619662706892
0.351971898550042 -0.851535607357595
0.7620982212631 11.5832640234019
0.404142793326109 -9.49880346316595
0.466872023527273 -2.68038916023061
0.352038319806118 0.989585671802287
0.559220714307747 -1.18278709389748
0.831106996176206 -6.72476825278936
0.566870140717625 -10.8460322718282
0.655244010378597 6.14116397734591
0.419170448051463 -2.98209853516858
0.749293800643076 1.52079199907401
0.217883645389246 -9.71510688532587
0.574665578321526 0.467433488350845
0.737192483467152 -0.395703628651872
0.422877550430786 -2.74101691883037
0.735336257940494 -13.2669812823988
0.427866561461479 17.199656235178
0.607040469872127 6.23721398262116
0.813962130480487 -3.6548472294245
0.316735977187672 2.39275277697668
0.752636104430878 3.22194587692969
0.526400851406524 0.159467055411578
0.329176371649071 -40.0605129576335
0.421905976040746 1.00405625260035
0.694960468212253 6.5009973606306
0.585641695457191 -0.804875703262901
0.347418391980261 0.0206035059014847
0.679228080299366 -0.956657981622353
0.83807000983893 0.19567048196197
0.654386800291686 -13.3132481341991
0.378309526411657 3.19772191073435
0.156930138016196 -1.3577114770482
0.683832788059198 -6.43392785726098
0.413045363985234 -3.47092640733574
0.311433848527182 0.429067883294554
0.604067208172791 2.44563498405766
0.726095600822007 0.330490045964098
0.465010023018518 -1.30138736444677
0.451058404055246 0.867583534333144
0.358479900373775 1.76933009256771
0.441301048210666 3.66151256084141
0.692782239165956 -1.97657859443033
0.546140670270501 0.0105968120986271
0.630525123738374 16.2008387349074
0.416898971128596 1.46432578359426
0.481789389687461 -2.20979147217706
0.29570498410956 -1.29710467729881
0.716582271700798 -0.810054490189768
0.603407658687606 -1.56189911290614
0.407952799354883 -1.30091443095235
0.473551095074179 -1.58568157527115
0.409161399172288 173.465587240949
0.387545660161878 0.657955813695955
0.859319931397506 -2.17712814485311
0.512335023585712 0.479461708914799
0.604481447619534 1.16995839781107
0.531233456968213 1.07195755393217
0.541409217823389 7.65490911849883
0.55537887452701 2.88084266457141
0.672386996797011 1.59384103567984
0.418606019224547 -8.27112117315829
0.874379765240055 -4.22127238548385
0.820681838421816 6.45319040209308
0.527628756215628 15.626179351758
0.875707052878422 -4.42912252640488
0.425444254252406 0.026439072192172
0.395958000003554 0.0460881673167169
0.845055063587402 -0.625570801977031
0.22586836685647 -1.50202748327939
0.358185194693959 -8.67533180943565
0.519277863175605 -0.293928093127585
0.77081768140086 -6.72061690641399
0.381872701627608 1.36123942388621
0.645667866716065 -2.61092852618493
0.427628857181408 1.25755221338136
0.698158975102852 -8.6982784325457
0.319804005038754 -1.2194177185177
0.354379492088886 2.53426562382094
0.948128286355039 4.37167275206221
0.477762781035106 3.91468720241237
0.305249598491049 4.71158902655429
0.797585713122108 -53.4878086451145
0.324235577408765 1.12168769671286
0.628587828968752 0.313689822230172
0.75415440957791 9.30901192065412
0.955533159480434 2.29783493656366
0.560074636456742 1.38338494935838
0.312493093156536 -15.1360347332178
0.647636208441868 -4.2108004586167
0.497571132977269 -2.90265902098464
0.665352125612561 9.0091645524751
0.70661858152277 -0.570104834835825
0.772711861071677 -2.49738320437297
0.749588973332305 3.24074635638889
0.501133494005831 5.49575006177963
0.605162319812017 -0.177065000193798
0.59459163488609 -33.8935610532131
0.160535105149821 -0.0596430288064663
0.674711531049986 0.730330231407807
0.164552002970139 -0.629866210072398
0.422871814761764 0.057088251237261
0.865137068728157 1.13950949434829
0.671906971206838 2.24310870496258
0.416190848777317 -5.86839668779823
0.350075025387249 -1.62500603592422
0.70453297487554 -3.84321905606607
0.299197528958493 4.45191102147419
0.506427410481587 -0.348175016268872
0.404717923122082 -6.30388386675239
0.62030786161692 -5.18168365450627
0.531697021180589 -1.02876772157836
0.274891399722606 -0.0919568720079071
0.371125857906277 -11.6381021150969
0.59629223691511 -1.05189246278024
0.687350735612257 5.22952626534797
0.266491661640579 -2.57506985375652
0.35708785652064 -1.21403964059427
0.539428367911258 -1.05730458348842
0.580300385357374 -0.422017677314717
0.67185796948847 -3.4664213155923
0.464042530756501 -1.26313440954053
0.522023561286843 0.743390619767795
0.760330350291658 -11.0651367151256
0.598313786870193 -0.762183017000748
0.288887485697958 -9.51088271049037
0.720106188866561 -0.829980466489593
0.500643560137376 43.0631135828854
0.368746247475739 -15.4681581403792
0.394894128665082 -0.156321099118394
0.334582808035717 1.90572291547123
0.15365654001544 -1.13738079106664
0.451225124225266 -4.7718681301348
0.504344453016975 1.96268828903247
0.746763651446177 -1.88417788321938
0.764505899663617 1.62138432838319
0.500134823545437 1.18641039813655
0.90199426012396 -9.69462502007831
0.715484253714415 -0.558481353836141
0.518613200301966 2.50108249176511
0.686116464618504 -1.4629128236591
0.25936856835746 -1.89949486580275
0.469711112871489 1.07546909649548
0.639707824079551 -5.17896423223822
0.613723285231535 1.74216243445622
0.477355186920698 -77.6938646998069
0.482455464569418 -0.561058606132194
0.134767838839086 368.07763937328
0.484355683840026 -4.08497071810334
0.358075462201722 -4.35524307864326
0.449788486214372 -0.160647996379178
0.554756281566364 -14.7890181760493
0.64078573623509 -0.227807521069827
0.758136029947034 -1.10963231777138
0.633872762188207 -1.29019976225896
0.688293764008512 0.16388003140141
0.437479229547333 1.23510011794417
0.205591942420859 0.206882485659761
0.618532935473202 -8.07588621334125
0.632815664824192 -1.29879645110124
0.788195447976051 9.71370023312413
0.302834193486242 -1.422721241403
0.840330813924756 -1.17492318941303
0.650438860684954 0.885894045041576
0.321760314102895 -3.42529014903392
0.799560779412158 1.62775150834183
0.814979642378635 -2.14737458579984
0.480549665232061 0.761608683350082
0.319887384124972 0.499783716484079
0.430089820456312 -3.30745005385731
0.715471871405401 -21.6415940918873
0.576957931380926 14.7513526606703
0.448194203498133 -6.80612809903441
0.628570818143395 12.1412813359247
0.3640186180615 -3.21103742067265
0.742150703994462 42.5557418501957
0.217341724460119 0.821570895017782
0.519320321879902 41.4211998605344
0.54851247265048 -1.22925063103932
0.777775877827244 2.73914000545518
0.271543510024763 1.7008643776194
0.420346256616676 -2.59648832340368
0.650325008548332 3.79059462292965
0.283045526363837 -1.80197652641839
0.778786985626701 -0.769199705559829
0.398694320234167 -3.32055761806408
0.749091264770524 4.86303229820467
0.773227289438341 5.41129579394856
0.660601319794397 -7.08032467868276
0.493449662374613 1.5108067161402
0.477542748583255 -1.25080363019355
0.420725434000177 1.10541246206459
0.709323987004814 -1.00323441162917
0.290599095962332 -3.78992071897182
0.22639324651788 -4.31965805599592
0.317187492026367 -2.75172787670407
0.696907958296914 -1.48715372590891
0.766685895104447 2.14599165197687
0.891899147347614 -0.646596981214321
0.548478855396346 0.33547765350392
0.768899275572803 21.8780445135871
0.672261163747597 -1.44297993413274
0.377776701900865 1.5352507735135
0.767738408662152 -2.13287969317502
0.311956564063698 0.130896896703482
0.424571279844927 -7.53165439118894
0.527851010372103 -2.52284411231688
0.740813908136166 -3.97405473112521
0.629941501805355 1.91205466736387
0.631119390789013 -3.12418733936243
0.724291760019558 1.50006288692392
0.203196944701503 -0.619776583776136
0.365750877293512 -0.700579925744484
0.451556326454882 -0.562663502057328
0.708427086243806 1.76961343658575
0.615377250379646 3.98335647246573
0.801444017804141 -8.13646661246419
0.874082430935413 -16.0107476949897
0.872937371982742 -15.006619231594
0.202673047965393 -6.26426141144432
0.502681786125018 -1.3928758144844
0.468601462777067 -0.384247511030616
0.560255687289121 -0.475909709733216
0.639247386594758 2.41269208255844
0.410037822973732 0.451407934644058
0.505639624101563 1.15530696698581
0.597537877337165 -5.05731521546538
0.774893529141187 1.73308160666127
0.392681979728927 2.06083325796519
0.573469428583034 -0.0600776543143531
0.435432260939612 1.72563841144433
0.502124818885451 -1.08227689548501
0.465992581512114 -0.442042117088784
0.557232753262718 -0.553974336634568
0.444572295220192 0.254871207157668
0.650009041983831 -0.464742571797468
0.164779673579343 1.66212451024938
0.448842658783249 80.1754745042593
0.699798209548924 -1.00100158959088
0.410912125469862 -4.27986048295827
0.451041885745944 3.87245030222949
0.840579386269974 -1.40862229402316
0.791704058352165 223.395685991283
0.494377862878821 -0.565357174086129
0.519534906191199 0.112703712062058
0.703370502379543 3.03971579145521
0.808518606462317 -3.09066333689568
0.661824928794615 2.29744075332094
0.506473720723303 0.966141478928043
0.885078863203079 -0.973165665616976
0.693647388567282 -0.471120809046985
0.254048308033364 9.62264012196148
0.501590478852779 1.844599915157
0.579119397964791 -0.460154175139707
0.48108800955647 -2.62415594225541
0.132483802015352 1.5825803064186
0.46771242369038 -5.62966109678065
0.492690504637389 2.47910507466463
0.833751592243905 0.912334856509095
0.712069629398435 0.994911221206351
0.569947543257648 3.9927708737327
0.361270314489711 -0.848833757496151
0.0727170790870317 -17.4735792966842
0.627788129946374 -0.706032382644487
0.445394587944895 1.57681047979644
0.518007764604354 -1.53341792283434
0.389979247666573 -3.08287160931327
0.480815313770215 0.32006924383938
0.3156168201564 3.96952215275955
0.617158684659689 -0.0804314835065196
0.698276801941451 0.67969040289082
0.362045718825229 0.748743692348511
0.792243625945415 -8.6307441637096
0.687402681956453 -3.10187017444226
0.817642586480173 -1.108875412403
0.795306589233027 0.959428013428919
0.676912056757427 0.420043274545764
0.368267558474398 1.39549978151126
0.520359022417171 -1.39205514551826
0.367351424785972 2.2345484005055
0.532342493494669 -1.8086273248745
0.471323004858345 1.14827417584328
0.76885415988233 1.62208070217041
0.707658394921718 0.69986234950175
0.611269570332961 0.587629805385325
0.708784555895478 -3.1141773830396
0.657197437212981 1.46406229451309
0.44857162402242 3.31617810831496
0.606210855984174 0.131962637633188
0.386805713340094 -0.741978649222375
0.363648226533782 1.16189382687821
0.685769689818766 1.53651649307006
0.471020296210657 -1.63111009841396
0.843027616971537 -3.25640969349216
0.417430162762455 -1.44845301480964
0.343609781187496 -0.538768254145222
0.481243025405477 -1.46175532097398
0.227924842124198 3.69563537285606
0.673167333056605 -43.0231987466969
0.619431104395209 2.50309684949142
0.528976885790249 17.1032865072693
0.415945391283116 -0.0651229827340924
0.573654249398172 369.403624583145
0.487545547134307 2.81355417697952
0.452309498966499 1.15775739061036
0.439925740612056 -5.65303453963459
0.380607358507829 3.64114928504227
0.449679777570672 0.587078186447252
0.256830908498698 -0.271977273809145
0.309026137829977 -0.367712517858077
0.327920520893021 231.866273143796
0.452010161897943 6.38925876475751
0.630106893240951 -1.36220739214365
0.743948553214861 -0.060241202792439
0.322877625773221 -3.5346589243008
0.469228875882734 -14.3361334655777
0.697402780176092 -1.98640976341212
0.786934914046769 0.93864518366928
0.689814869265804 -9.7683359362426
0.244936238473254 -0.698154145672224
0.40314706241435 -7.03479980503685
0.646582900836222 -3.12419901008105
0.413695560233111 1.19559862210726
0.832676896092178 -2.45977161735594
0.494041592008265 -5.48405822732976
0.413781672601196 -5.60071560300998
0.297006053709073 -0.561648346228227
0.83020761168317 3.68163532537777
0.534667790684617 2.58025574607584
0.462104367707341 0.0776131247247406
0.39149072022456 1.19277755746294
0.510544613973828 0.909839771807226
0.761175197787223 -11.127342531149
0.296427633128478 -1.62208391557058
0.580247148914486 1.14205170944248
0.915631756605914 0.497712008590228
0.589052708760536 -1.86240466942734
0.528573500670634 10.5010298490431
0.46385719318939 -8.97791472025738
0.785509493444951 -7.09534127034841
0.71680619104042 0.603534597888493
0.682117126023769 -3.50909439736129
0.61696724942221 -4.06503416186625
0.76562776099456 11.0638153225507
0.810751519404777 -2.10423719745808
0.848542336649176 -3.11035111773342
0.596847653956026 1.55398489687452
0.352161139522336 -46.0934684626979
0.779371316242784 -2.18908495095009
0.188779031925729 29.5107370243125
0.137124251203231 -12.2768614284586
0.487112340591902 -7.67326532087524
0.232616525168968 -20.7102831941437
0.651174621444215 -1.27954186369499
0.642649725846115 -0.272629696781462
0.7741774362416 -0.106184359941523
0.530160693064558 -10.2166238508711
0.394367837998757 0.257037789341027
0.369646756677558 0.585585939974748
0.497891963085341 0.184442405836349
0.581520382795588 -0.0623378537448005
0.684051770817208 -0.0812497614355848
0.874779501582438 -4.14179878680663
0.563059782058129 17.8080946545428
0.765730845569191 0.133203636375129
0.429362727683421 -2.95625719934207
0.570063147168587 -4.14029531467606
0.769861482953808 4.05588351752699
0.575369041971266 -0.0710778053095467
0.387154291200201 -105.173018053275
0.210031480611914 -243.478941411864
0.44205773734462 1.04221829686391
0.396678400169398 -4.46357622818998
0.53627186726814 -2.33809249737017
0.458865497349317 2.05120821444565
0.528494749741451 -7.34579237639874
0.0955878615035289 -0.699799924101555
0.704306164609459 -4.40717461353942
0.53087425425406 5.29948624261192
0.689156414600471 -1.05454333665767
0.533045953359733 10.6106714228819
0.65122604460456 -3.56287134469185
0.160432774401844 0.190448927363445
0.489279413653912 -4.7452507144042
0.19199810020744 -1.5136973751201
0.61940658093047 0.402213808877359
0.384807031512451 -2.74685409333811
0.626092980567422 -9.97721589339445
0.36180604859849 -2.17822951961266
0.433298790775822 2.45325860026428
0.467903453681955 2.22039665992902
0.523868576539519 -2.01747624091095
0.434408128805912 -34.1116436322327
0.696397595620881 -0.789107761302147
0.394832825629581 8.7048282776659
0.691740457898323 -18.6569572894974
0.236167464750931 0.271873439891674
0.703629005419117 63.9020289052865
0.613705625652445 4.69317700178241
0.535981116823565 -0.830655010700238
0.502995680856062 17.7710723056676
0.45332427558468 3.60595169446709
0.46888479014727 -44.1390587683426
0.47739785893943 -9.11434699025535
0.532473094968529 0.246378182273331
0.567613708363532 157.400639933389
0.614909134275263 -0.572539636568051
0.596648816406948 -0.590705088712734
0.752960267274393 0.548403721992067
0.470594517011457 0.240625593027504
0.274181665723597 0.205980583866045
0.807593944059885 3.02855954391989
0.246670805211947 -1.02836067918494
0.225386461194262 -75.2031188666647
0.563534648869163 1.84006229748207
0.221155982405465 -1.19612326026573
0.456993868566484 0.392501152918222
0.602880206538158 2.28720114867287
0.463929397602073 -0.985398635190074
0.341255265354182 6.59718936138677
0.868445077536184 -0.899940736189364
0.803703035512563 -8.8310004159107
0.910711615172434 1.74784072889793
0.633307785198325 4.93929093836714
0.506204936136974 -3.69932988874055
0.837496028066249 -0.403892619425414
0.762387203760788 1.31934894630369
0.515739313320553 -2.51511792616923
0.439360322965951 -1.64599020411934
0.385255446315159 0.684350100870452
0.256130699743448 -7.54395745836997
0.526975851671465 -0.660204681423652
0.377644561893931 3.0617331087435
0.505034287759143 1.67942069502712
0.602003339278887 2.98566033514966
0.602587422970617 -0.306598815717675
0.594504488579453 4.26000875319897
0.935990232404605 0.663872092154638
